
0 PRINT"JE CHARGE  LES CARACTERES":BEEP49,1
10 FONT$(128)="132,132,132,132,132,132,132,132
20 FONT$(129)="4,4,252,128,128,128,128,252
30 FONT$(130)="124,124,56,56,76,48,48,76
40 FONT$(131)="76,48,48,76,124,124,56,56
50 FONT$(132)="4,4,252,204,176,176,204,252
60 FONT$(133)="204,180,180,204,132,132,132,132
70 FONT$(134)="132,132,132,132,204,180,180,204
80 FONT$(137)="56,124,84,40,56,0,56,0
90 FONT$(135)="76,48,48,76,120,120,120,48
100 FONT$(136)="48,120,120,120,76,48,48,76
110 FONT$(148)="124,124,56,56,0,0,0,0
120 FONT$(149)="124,124,56,56,124,124,56,56
130 FONT$(150)="0,0,0,0,124,124,56,56
140 FONT$(151)="76,48,48,76,0,0,0,0
150 FONT$(152)="0,0,0,0,76,48,48,76
160 FONT$(153)="120,120,120,48,0,0,0,0
170 FONT$(154)="48,120,120,120,120,120,120,48
180 FONT$(155)="0,0,0,0,48,120,120,120
190 FONT$(138)="68,68,44,20,28,76,80,32
200 FONT$(139)="196,196,232,208,240,228,20,8
210 FONT$(140)="4,4,60,32,60,4,124,64
220 FONT$(141)="64,124,4,60,32,60,4,4
230 FONT$(224)="0,0,0,0,0,0,0,100
240 FONT$(225)="96,240,220,252,252,252,188,192
250 FONT$(226)="24,60,236,252,252,252,244,12
260 FONT$(227)="0,0,0,0,0,0,0,152
270 FONT$(228)="244,244,252,124,124,60,28,28
280 FONT$(229)="52,252,252,252,252,252,252,252
290 FONT$(230)="188,188,252,248,248,240,224,224
300 FONT$(231)="12,4,4,12,28,56,16,0
310 FONT$(232)="252,224,192,224,240,184,144,0
320 FONT$(233)="252,28,12,28,60,124,36,0
330 FONT$(234)="192,128,128,192,224,112,32,0
520 PRINT"C'EST FINI,CHARGEZ LE PROGRAMME KING FROG
