
4 Q=RND(0)
13 CLS:CLEAR50,&H19FF:DEFINTA-X
14 PRINT"Veuillez patienter  je rentre le laby-  rinthe . Merci ."
20 FONT$(&H81)="0,0,0,0,0,0,0,0":FONT$(&H82)="255,255,255,255,255,255,255,255"
30 FONT$(&H84)="255,128,128,128,188,128,128,255"
40 FONT$(&HE4)="255,4,4,68,244,68,4,255"
50 FONT$(&H88)="255,128,188,168,180,188,128,255"
60 FONT$(&HE8)="255,4,244,180,86,244,4,25"
70 FONT$(&H80)="0,32,92,24,12,80,32,0":FONT$(&HE0)="0,32,208,192,192,40,16,0"
80 FONT$(&H83)="0,0,0,32,0,0,0,0":FONT$(&HE3)="0,0,0,32,0,0,0,0"
90 FONT$(&HE1)="0,0,0,0,0,0,0,0":FONT$(&HE2)="255,255,255,255,255,255,255,255"
100 FONT$(&H90)="0,4,4,4,28,4,8,8":FONT$(&HF0)="0,128,128,0,192,0,128,128"
110 FONT$(&H91)="0,4,4,4,28,4,8,8":FONT$(&HF1)="0,128,160,32,224,32,128,128"
190 FONT$(&H92)="0,4,4,4,60,60,4,8":FONT$(&HF2)="0,128,128,0,224,224,0,128"
201 DATA2,2,2,2,2,2,2,2,2,2,2,2,2,2,2,2,2,2,2,2,2,2,2,2,2
202 DATA2,2,2,2,2,2,2,2,2,2,2,2,2,2,2,4,2,2,2,2,2,2,2,2,2
203 DATA2,2,1,1,1,2,2,2,2,2,1,1,1,1,1,1,1,1,1,1,2,0,1,1,2
204 DATA2,2,2,2,1,2,1,1,1,2,1,2,2,2,2,2,2,1,2,1,2,1,2,1,2
205 DATA2,2,1,1,1,2,1,2,1,2,1,1,1,2,1,1,2,1,2,1,2,1,2,1,2
206 DATA2,2,0,2,2,2,1,2,4,2,1,2,1,2,1,0,1,1,2,1,2,1,1,2,2
207 DATA2,2,1,1,1,1,1,1,1,1,1,2,1,2,2,1,1,2,2,1,2,2,1,2,2
208 DATA2,2,1,2,2,2,0,2,2,2,2,2,1,1,2,2,2,4,1,1,1,0,1,1,2
209 DATA2,2,4,1,1,1,1,2,1,1,1,2,2,1,0,2,2,1,2,2,2,2,2,2,2
210 DATA2,2,2,2,2,2,2,2,1,2,1,1,2,2,1,1,2,1,1,1,1,1,2,4,2
211 DATA2,2,2,1,1,1,1,1,1,2,2,0,1,2,2,1,1,1,2,1,2,1,2,1,2
212 DATA2,2,4,1,2,2,2,1,2,2,4,2,1,1,2,2,2,4,1,1,2,1,2,0,2
213 DATA2,2,1,1,2,4,2,0,2,1,1,1,2,0,1,1,1,1,1,2,2,0,2,1,2
214 DATA2,2,2,1,2,1,2,1,2,1,2,1,4,2,2,0,2,2,2,1,1,1,2,1,2
215 DATA2,2,2,0,1,1,2,1,1,1,2,1,4,1,2,1,4,1,2,1,2,2,2,1,2
216 DATA2,2,2,2,2,2,2,2,2,2,2,1,1,1,2,1,2,1,1,1,1,1,1,1,2
217 DATA2,2,1,0,1,1,2,2,2,2,1,2,2,2,2,1,2,2,2,1,2,2,2,1,2
218 DATA2,2,1,2,2,2,2,2,1,1,1,1,1,1,1,1,1,1,1,2,2,1,1,1,2
219 DATA2,2,1,0,1,2,1,1,2,2,1,2,1,2,2,2,2,2,1,2,2,1,2,2,2
220 DATA2,2,0,2,2,2,1,2,1,1,1,2,1,2,1,1,1,1,1,1,1,1,1,2,2
221 DATA2,2,1,2,1,1,1,1,1,2,2,2,1,2,1,1,2,2,1,2,1,2,1,1,2
222 DATA2,2,1,1,1,2,2,2,2,2,1,1,1,2,1,2,2,2,1,2,1,2,1,1,2
223 DATA2,2,2,2,1,2,1,1,0,1,1,2,2,2,1,2,0,2,2,2,1,2,1,2,2
224 DATA2,2,1,0,1,2,1,2,2,2,1,1,1,2,1,1,1,2,1,1,1,4,1,1,2
225 DATA2,2,2,2,2,2,2,2,2,2,2,2,2,2,2,2,2,2,2,2,2,2,2,2,2
240 DATA2E,1E,2A,0,1A,11,CC,FF,19,11,15,0,E,1,6,1,ED,43,B8,0,6,4,7E,EF,C6,60,EF
242 DATA23,10,F8,19,C,3E,5,B9,20,E9,C9,0,0,0,1,11,0,0,3A,28,1A,FE,1,20,3,11,E7
244 DATAFF,FE,3,20,3,11,1,0,FE,5,20,3,11,19,0,FE,7,20,3,11,FF,FF,C3,A6,1A,CD,7F
246 DATA1A,CD,2A,1A,2A,0,1A,E5,19,7E,1F,30,28,D1,EB,ED,A0,1B,2B,36,83,EB,22,0
248 DATA1A,2A,84,1A,2B,22,84,1A,7C,B5,20,5,3E,3,32,29,1A,CD,2,1A,18,7F,3E,7,EF
250 DATAC9,0,0,0,1F,30,3,D1,18,72,1F,30,20,EB,E1,CB,46,20,69,3E,82,CB,4E,28,2
252 DATA3E,88,36,91,EB,77,CD,2,1A,18,58,7A,B3,C0,0,0,D1,18,50,0,1F,30,13,EB,E1
254 DATA3E,82,CB,46,28,2,3E,84,36,92,EB,77,CD,2,1A,18,39,D1,22,0,1A,1A,CB,47,20
256 DATA5,3E,3,32,29,1A,3E,83,12,CD,2,1A,CD,DE,1A,18,20,1E,20,16,80,21,3,5,22
258 DATAB8,0,7A,EF,C6,60,EF,3E,FF,D3,F4,6,FF,10,FE,AF,D3,F4,7A,EE,10,57,18,2,18
260 DATA17,6,FF,10,FE,1D,20,DB,2A,0,1A,36,90,11,A,0,2A,84,1A,19,22,84,1A,C9,21
262 DATA4,D,22,B8,0,2A,84,1A,CD,98,BB,3E,20,EF,2A,0,1A,CB,4E,28,F,11,2E,1E,A7
264 DATAED,52,7C,B5,20,5,3E,2,32,29,1A,C9
300 FORA=&H1D00TO&H1F70:READB:POKEA,B+&H80:NEXT
301 FORA=&H1A00TO&H1B3C:READZ$:POKEA,VAL("&H"+Z$):NEXT
302 RESTORE400:DIMX(5,2):FORA=1TO5:READX(A,1),X(A,2):POKEX(A,1),129:NEXT
303 G=INT(RND(0)*4)+1:POKEX(G,1),&H88
304 ST=X(G,2)*5:POKE&H1A84,STMOD256:POKE&H1A85,STç256:POKE&H1E2E,&H90
308 CLS:FORA=0TO3:LOCATE8,A:PRINT"ù";:NEXT:EXEC&H1A02
309 LOCATE12,0:PRINT"MAZOG";:LOCATE12,2:PRINT"SREP:";
320 Q=STICK(0):POKE&H1A28,Q:EXEC&H1A4F
330 ONPEEK(&H1A29)GOTO320,350,370
350 CLS:PRINT"* Bravo vous avez  ** reussi a sortir  ** du labyrinthe .  *";
352 PRINT"* Vous voila riche *";
353 IFINKEY$=""THEN353ELSEPAS=256*PEEK(&H1A85)+PEEK(&H1A84)
354 PRINT"* Il vous reste :  *";INT((PAS/ST)*1000)/10;" % de vos pas"
360 LINEINPUT"Voulez vous essayer de faire mieux ?";Z$
363 IFLEFT$(Z$,1)<>"N"THENRUNELSEEND
370 CLS:PRINT" Vous etes decede .  Dommage dommage..."
371 LINEINPUT" Desirez-vous jouez  a nouveau ?";Z$
372 IFZ$<>"N"THENRUNELSEEND
400 DATA7476,62,7547,74,7829,52,8005,44,8022,42
