
5 CLS:ON ERROR GOTO5000:PRINT"SERENADE DE SCHUBERT"
10 DATA 10,1.5,11,.5,10,1,15,2,10,1,8,1.5
20 DATA10,.5,8,1,15,2,8,1,10,3
30 DATA 8,1,6,1,5,1,6,6,10,1.5,11,.5
40 DATA 10,1,18,2,10,1
50 DATA 8,1.5,10,.5,8,1,17,2,15,1,13,2,11,1
60 DATA  11,1,10,1,8,1,10,5,15,1
70 DATA 13,1,0,1,11,1,11,1,10,1,8,1,10,6,10,2,14,1,18,5
80 DATA17,1,15,2,10,1,6,2,3,1,11,1.5,10,.5,11,1,15,2,11,1
90 DATA 10,3,8,1,7,1,8,1,11,2,8,1,6,6,10,2,14,1,18,5
100 DATA 17,1,15,2,10,1,7,2,3,1,12,1.5,11,.5,12,1
110 DATA 15,2,12,1,10,3,17,1.5,16,.5
120 DATA17,1,20,2,14,1,15,6,10,1,10,1,10,1,10,3
130 DATA 2,1,5,1,8,1,7,3,10,1,10,1,10,1,10,1,2,1,5,1
140 DATA 8,1,10,1,14,1,15,3
1000 READ N,D
1002 I=I+1
1010 BEEP(N),D*6:BEEP0,1
1020 IF I=59 THENRESTORE 10
1030 GOTO 1000
5000 PRINT"Si vous aimez cette SERENADE,tapez","<RETURN>"
5010 INPUT A$:RUN
